# Blender v2.93.1 OBJ File: ''
# www.blender.org
o Cone
v 0.000000 2.954246 0.000000
v 1.000000 1.000000 -1.000000
v 1.000000 -1.000000 -1.000000
v 1.000000 1.000000 1.000000
v 1.000000 -1.000000 1.000000
v -1.000000 1.000000 -1.000000
v -1.000000 -1.000000 -1.000000
v -1.000000 1.000000 1.000000
v -1.000000 -1.000000 1.000000
v 1.250000 1.002371 0.000000
v 1.216506 1.127371 0.000000
v 1.125000 1.218877 0.000000
v 1.000000 1.252371 0.000000
v 0.875000 1.218877 0.000000
v 1.000000 0.752371 0.000000
v 1.125000 0.785865 0.000000
v 1.216506 0.877371 0.000000
v 1.239306 1.002371 -0.163158
v 1.206099 1.127371 -0.158786
v 1.115376 1.218877 -0.146842
v 0.991445 1.252371 -0.130526
v 0.867514 1.218877 -0.114210
v 1.115376 0.785865 -0.146842
v 1.206099 0.877371 -0.158786
v 1.207407 1.002371 -0.323524
v 1.175055 1.127371 -0.314855
v 1.086667 1.218877 -0.291171
v 0.965926 1.252371 -0.258819
v 0.845185 1.218877 -0.226467
v 1.086667 0.785865 -0.291171
v 1.175055 0.877371 -0.314855
v 1.154849 1.002371 -0.478354
v 1.123905 1.127371 -0.465537
v 1.039364 1.218877 -0.430519
v 0.923880 1.252371 -0.382683
v 0.808395 1.218877 -0.334848
v 1.039364 0.785865 -0.430519
v 1.123905 0.877371 -0.465537
v 1.082532 1.002371 -0.625000
v 1.053525 1.127371 -0.608253
v 0.974279 1.218877 -0.562500
v 0.866025 1.252371 -0.500000
v 0.757772 1.218877 -0.437500
v 1.053525 0.877371 -0.608253
v 0.991692 1.002371 -0.760952
v 0.965119 1.127371 -0.740562
v 0.892523 1.218877 -0.684856
v 0.793353 1.252371 -0.608761
v 0.694184 1.218877 -0.532666
v 0.883883 1.002371 -0.883884
v 0.860200 1.127371 -0.860200
v 0.795495 1.218877 -0.795495
v 0.707107 1.252371 -0.707107
v 0.618718 1.218877 -0.618719
v 0.760952 1.002371 -0.991691
v 0.740562 1.127371 -0.965119
v 0.684857 1.218877 -0.892522
v 0.608762 1.252371 -0.793353
v 0.532666 1.218877 -0.694184
v 0.625000 1.002371 -1.082532
v 0.608253 1.127371 -1.053525
v 0.562500 1.218877 -0.974279
v 0.500000 1.252371 -0.866025
v 0.437500 1.218877 -0.757772
v 0.608253 0.877371 -1.053525
v 0.478355 1.002371 -1.154849
v 0.465537 1.127371 -1.123905
v 0.430519 1.218877 -1.039364
v 0.382684 1.252371 -0.923879
v 0.334848 1.218877 -0.808394
v 0.430519 0.785865 -1.039364
v 0.465537 0.877371 -1.123905
v 0.323524 1.002371 -1.207407
v 0.314855 1.127371 -1.175055
v 0.291171 1.218877 -1.086667
v 0.258819 1.252371 -0.965926
v 0.226467 1.218877 -0.845185
v 0.291171 0.785865 -1.086667
v 0.314855 0.877371 -1.175055
v 0.163158 1.002371 -1.239306
v 0.158786 1.127371 -1.206099
v 0.146842 1.218877 -1.115376
v 0.130526 1.252371 -0.991445
v 0.114210 1.218877 -0.867514
v 0.146842 0.785865 -1.115376
v 0.158786 0.877371 -1.206099
v 0.000000 1.002371 -1.250000
v 0.000000 1.127371 -1.216506
v 0.000000 1.218877 -1.125000
v 0.000000 1.252371 -1.000000
v 0.000000 1.218877 -0.875000
v 0.000000 0.752371 -1.000000
v 0.000000 0.785865 -1.125000
v 0.000000 0.877371 -1.216506
v -0.163158 1.002371 -1.239306
v -0.158786 1.127371 -1.206099
v -0.146842 1.218877 -1.115375
v -0.130526 1.252371 -0.991445
v -0.114211 1.218877 -0.867514
v -0.146842 0.785865 -1.115375
v -0.158786 0.877371 -1.206099
v -0.323524 1.002371 -1.207407
v -0.314855 1.127371 -1.175055
v -0.291171 1.218877 -1.086667
v -0.258819 1.252371 -0.965926
v -0.226467 1.218877 -0.845185
v -0.291171 0.785865 -1.086667
v -0.314855 0.877371 -1.175055
v -0.478354 1.002371 -1.154849
v -0.465537 1.127371 -1.123905
v -0.430519 1.218877 -1.039364
v -0.382684 1.252371 -0.923880
v -0.334848 1.218877 -0.808395
v -0.430519 0.785865 -1.039364
v -0.465537 0.877371 -1.123905
v -0.625000 1.002371 -1.082532
v -0.608253 1.127371 -1.053526
v -0.562500 1.218877 -0.974279
v -0.500000 1.252371 -0.866026
v -0.437500 1.218877 -0.757772
v -0.608253 0.877371 -1.053526
v -0.760952 1.002371 -0.991692
v -0.740562 1.127371 -0.965119
v -0.684857 1.218877 -0.892522
v -0.608761 1.252371 -0.793353
v -0.532666 1.218877 -0.694184
v -0.883884 1.002371 -0.883883
v -0.860200 1.127371 -0.860200
v -0.795495 1.218877 -0.795495
v -0.707107 1.252371 -0.707107
v -0.618719 1.218877 -0.618718
v -0.991692 1.002371 -0.760952
v -0.965119 1.127371 -0.740562
v -0.892522 1.218877 -0.684857
v -0.793353 1.252371 -0.608761
v -0.694184 1.218877 -0.532666
v -1.082532 1.002371 -0.625000
v -1.053525 1.127371 -0.608253
v -0.974278 1.218877 -0.562500
v -0.866025 1.252371 -0.500000
v -0.757772 1.218877 -0.437500
v -1.053525 0.877371 -0.608253
v -1.154849 1.002371 -0.478354
v -1.123905 1.127371 -0.465537
v -1.039364 1.218877 -0.430519
v -0.923880 1.252371 -0.382683
v -0.808395 1.218877 -0.334848
v -1.039364 0.785865 -0.430519
v -1.123905 0.877371 -0.465537
v -1.207407 1.002371 -0.323524
v -1.175055 1.127371 -0.314855
v -1.086667 1.218877 -0.291171
v -0.965926 1.252371 -0.258819
v -0.845185 1.218877 -0.226467
v -1.086667 0.785865 -0.291171
v -1.175055 0.877371 -0.314855
v -1.239306 1.002371 -0.163158
v -1.206099 1.127371 -0.158786
v -1.115375 1.218877 -0.146842
v -0.991445 1.252371 -0.130526
v -0.867514 1.218877 -0.114211
v -1.115375 0.785865 -0.146842
v -1.206099 0.877371 -0.158786
v -1.250000 1.002371 -0.000000
v -1.216506 1.127371 -0.000000
v -1.125000 1.218877 -0.000000
v -1.000000 1.252371 -0.000000
v -0.875000 1.218877 -0.000000
v -1.000000 0.752371 -0.000000
v -1.125000 0.785865 -0.000000
v -1.216506 0.877371 -0.000000
v -1.239306 1.002371 0.163158
v -1.206099 1.127371 0.158786
v -1.115375 1.218877 0.146842
v -0.991445 1.252371 0.130526
v -0.867514 1.218877 0.114211
v -1.115375 0.785865 0.146842
v -1.206099 0.877371 0.158786
v -1.207407 1.002371 0.323524
v -1.175055 1.127371 0.314855
v -1.086667 1.218877 0.291171
v -0.965926 1.252371 0.258819
v -0.845185 1.218877 0.226467
v -1.086667 0.785865 0.291171
v -1.175055 0.877371 0.314855
v -1.154850 1.002371 0.478354
v -1.123906 1.127371 0.465536
v -1.039365 1.218877 0.430518
v -0.923880 1.252371 0.382683
v -0.808395 1.218877 0.334848
v -1.039365 0.785865 0.430518
v -1.123906 0.877371 0.465536
v -1.082532 1.002371 0.625000
v -1.053526 1.127371 0.608253
v -0.974279 1.218877 0.562500
v -0.866026 1.252371 0.500000
v -0.757772 1.218877 0.437500
v -1.053526 0.877371 0.608253
v -0.991692 1.002371 0.760952
v -0.965119 1.127371 0.740562
v -0.892522 1.218877 0.684857
v -0.793353 1.252371 0.608761
v -0.694184 1.218877 0.532666
v -0.883884 1.002371 0.883883
v -0.860200 1.127371 0.860200
v -0.795495 1.218877 0.795495
v -0.707107 1.252371 0.707107
v -0.618719 1.218877 0.618718
v -0.760952 1.002371 0.991691
v -0.740563 1.127371 0.965119
v -0.684857 1.218877 0.892522
v -0.608762 1.252371 0.793353
v -0.532667 1.218877 0.694184
v -0.625000 1.002371 1.082532
v -0.608253 1.127371 1.053526
v -0.562500 1.218877 0.974279
v -0.500000 1.252371 0.866026
v -0.437500 1.218877 0.757772
v -0.608253 0.877371 1.053526
v -0.478354 1.002371 1.154849
v -0.465537 1.127371 1.123905
v -0.430519 1.218877 1.039364
v -0.382684 1.252371 0.923880
v -0.334848 1.218877 0.808395
v -0.430519 0.785865 1.039364
v -0.465537 0.877371 1.123905
v -0.323524 1.002371 1.207407
v -0.314855 1.127371 1.175055
v -0.291172 1.218877 1.086666
v -0.258819 1.252371 0.965926
v -0.226467 1.218877 0.845185
v -0.291172 0.785865 1.086666
v -0.314855 0.877371 1.175055
v -0.163158 1.002371 1.239306
v -0.158787 1.127371 1.206099
v -0.146843 1.218877 1.115375
v -0.130527 1.252371 0.991445
v -0.114211 1.218877 0.867514
v -0.146843 0.785865 1.115375
v -0.158787 0.877371 1.206099
v 0.000000 1.002371 1.250000
v 0.000000 1.127371 1.216506
v 0.000000 1.218877 1.125000
v 0.000000 1.252371 1.000000
v 0.000000 1.218877 0.875000
v 0.000000 0.752371 1.000000
v 0.000000 0.785865 1.125000
v 0.000000 0.877371 1.216506
v 0.163158 1.002371 1.239306
v 0.158786 1.127371 1.206099
v 0.146842 1.218877 1.115376
v 0.130526 1.252371 0.991445
v 0.114210 1.218877 0.867514
v 0.146842 0.785865 1.115376
v 0.158786 0.877371 1.206099
v 0.323523 1.002371 1.207407
v 0.314854 1.127371 1.175055
v 0.291171 1.218877 1.086667
v 0.258819 1.252371 0.965926
v 0.226466 1.218877 0.845185
v 0.291171 0.785865 1.086667
v 0.314854 0.877371 1.175055
v 0.478355 1.002371 1.154849
v 0.465537 1.127371 1.123905
v 0.430519 1.218877 1.039364
v 0.382684 1.252371 0.923879
v 0.334848 1.218877 0.808394
v 0.430519 0.785865 1.039364
v 0.465537 0.877371 1.123905
v 0.625000 1.002371 1.082532
v 0.608253 1.127371 1.053525
v 0.562500 1.218877 0.974279
v 0.500000 1.252371 0.866025
v 0.437500 1.218877 0.757772
v 0.608253 0.877371 1.053525
v 0.760952 1.002371 0.991692
v 0.740562 1.127371 0.965120
v 0.684856 1.218877 0.892523
v 0.608761 1.252371 0.793353
v 0.532666 1.218877 0.694184
v 0.883883 1.002371 0.883884
v 0.860199 1.127371 0.860200
v 0.795495 1.218877 0.795496
v 0.707106 1.252371 0.707107
v 0.618718 1.218877 0.618719
v 0.991692 1.002371 0.760952
v 0.965119 1.127371 0.740562
v 0.892523 1.218877 0.684856
v 0.793353 1.252371 0.608761
v 0.694184 1.218877 0.532666
v 1.082532 1.002371 0.625000
v 1.053525 1.127371 0.608253
v 0.974279 1.218877 0.562500
v 0.866025 1.252371 0.500000
v 0.757772 1.218877 0.437500
v 1.053525 0.877371 0.608253
v 1.154849 1.002371 0.478355
v 1.123905 1.127371 0.465537
v 1.039364 1.218877 0.430519
v 0.923879 1.252371 0.382684
v 0.808394 1.218877 0.334848
v 1.039364 0.785865 0.430519
v 1.123905 0.877371 0.465537
v 1.207407 1.002371 0.323523
v 1.175055 1.127371 0.314855
v 1.086667 1.218877 0.291171
v 0.965926 1.252371 0.258819
v 0.845185 1.218877 0.226466
v 1.086667 0.785865 0.291171
v 1.175055 0.877371 0.314855
v 1.239306 1.002371 0.163158
v 1.206099 1.127371 0.158786
v 1.115376 1.218877 0.146842
v 0.991445 1.252371 0.130526
v 0.867514 1.218877 0.114210
v 1.115376 0.785865 0.146842
v 1.206099 0.877371 0.158786
v 0.414214 0.774448 -1.000000
v -1.000000 0.761823 -0.267949
v -0.267950 0.761823 1.000000
v -0.830832 1.204018 0.222621
v -1.000000 0.877371 0.688360
v -0.577350 0.815565 1.000000
v -1.000000 0.774448 -0.414214
v -1.000000 0.815565 0.577350
v 1.000000 0.774448 0.414214
v 0.510342 0.785865 -1.000000
v 1.000000 0.774448 -0.414213
v -0.510342 0.785865 -1.000000
v 0.000000 1.214000 -0.870123
v -0.414214 0.774448 -1.000000
v 0.000000 1.214000 -0.870123
v 0.883434 1.000000 0.883435
v 0.332982 1.214000 -0.803889
v 0.222621 1.204018 -0.830832
v 1.000000 0.785865 0.510342
v 1.000000 0.761823 -0.267949
v -0.852782 1.204018 0.112271
v -0.688360 0.877371 1.000000
v 0.112271 1.204018 -0.852782
v -0.577350 0.815565 -1.000000
v -0.000000 1.214000 0.870123
v -0.991188 1.000000 0.760565
v 0.000000 1.214000 0.870123
v 0.577350 0.815565 -1.000000
v 0.760565 1.000000 0.991188
v -0.852782 1.204018 -0.112271
v 1.000000 0.815565 0.577350
v 0.744904 1.204018 -0.430070
v -0.112271 1.204018 0.852782
v -1.000000 0.761823 0.267949
v -0.830832 1.204018 -0.222621
v -1.000000 1.000000 0.747376
v -1.000000 0.785865 0.510342
v -1.000000 0.988181 0.741688
v -1.000000 0.754683 0.131653
v -0.523620 1.204018 -0.682395
v -0.760566 1.000000 0.991187
v -0.747376 1.000000 1.000000
v -0.741688 0.988181 1.000000
v -1.000000 0.774448 0.414213
v 0.430070 1.204018 -0.744904
v 0.332982 1.214000 -0.803889
v 0.830832 1.204018 0.222621
v 0.682395 1.204018 0.523620
v 0.523620 1.204018 -0.682395
v 0.615270 1.214000 -0.615270
v 0.615270 1.214000 -0.615270
v 0.803889 1.214000 -0.332982
v 0.803889 1.214000 -0.332982
v -1.000000 0.754683 -0.131653
v -0.430070 1.204018 -0.744904
v -0.803889 1.214000 0.332981
v 0.615270 1.214000 0.615270
v 0.615269 1.214000 0.615270
v 0.803889 1.214000 0.332982
v -0.615270 1.214000 0.615270
v 0.803888 1.214000 0.332982
v -0.131653 0.754683 1.000000
v -1.000000 1.000000 -0.747376
v -1.000000 0.988181 -0.741688
v -0.332982 1.214000 0.803889
v 0.267949 0.761823 -1.000000
v -0.688360 0.877371 -1.000000
v -0.682395 1.204018 0.523620
v 1.000000 0.785865 -0.510342
v -0.430070 1.204018 0.744904
v -0.870123 1.214000 -0.000000
v 0.112271 1.204018 0.852782
v 1.000000 0.815565 -0.577350
v 1.000000 0.761823 0.267949
v 0.991188 1.000000 0.760565
v 1.000000 0.754683 -0.131652
v -0.760565 1.000000 -0.991188
v 0.682395 1.204018 -0.523620
v 1.000000 0.988181 -0.741689
v 1.000000 0.877371 -0.688360
v -0.883434 1.000000 0.883434
v -0.414214 0.774448 1.000000
v 0.883434 1.000000 0.883434
v -0.747376 1.000000 -1.000000
v -0.510342 0.785865 1.000000
v -0.741688 0.988181 -1.000000
v 0.852782 1.204018 0.112271
v 0.131652 0.754683 1.000000
v 0.870123 1.214000 0.000000
v 0.870123 1.214000 0.000000
v 0.852782 1.204018 -0.112271
v -0.744904 1.204018 0.430070
v 0.744904 1.204018 0.430070
v 0.830832 1.204018 -0.222621
v 0.131652 0.754683 -1.000000
v -0.523621 1.204018 0.682395
v -0.803889 1.214000 0.332982
v -0.615270 1.214000 -0.615270
v -0.615270 1.214000 -0.615270
v 0.222620 1.204018 0.830832
v -0.222621 1.204018 0.830832
v -0.615270 1.214000 0.615270
v 1.000000 0.754683 0.131652
v 0.991188 1.000000 -0.760565
v 1.000000 0.988181 0.741689
v 1.000000 0.877371 0.688360
v -0.332982 1.214000 0.803889
v -0.870123 1.214000 -0.000000
v 1.000000 1.000000 -0.747377
v -0.883434 1.000000 -0.883434
v -0.883434 1.000000 -0.883434
v 0.267949 0.761823 1.000000
v 1.000000 1.000000 0.747377
v 0.332982 1.214000 0.803889
v 0.332982 1.214000 0.803889
v -0.682395 1.204018 -0.523620
v -0.112271 1.204018 -0.852782
v 0.688360 0.877371 -1.000000
v 0.741688 0.988181 -1.000000
v 0.883434 1.000000 -0.883434
v -0.991188 1.000000 -0.760565
v 0.430070 1.204018 0.744904
v 0.523620 1.204018 0.682396
v 0.414214 0.774448 1.000000
v -0.131653 0.754683 -1.000000
v -0.744903 1.204018 -0.430070
v -0.267949 0.761823 -1.000000
v -0.222621 1.204018 -0.830832
v -1.000000 0.815565 -0.577351
v 0.747376 1.000000 -1.000000
v -1.000000 0.877371 -0.688360
v 0.510342 0.785865 1.000000
v 0.760565 1.000000 -0.991187
v 0.577350 0.815565 1.000000
v -0.332982 1.214000 -0.803889
v -0.332982 1.214000 -0.803889
v -0.803889 1.214000 -0.332982
v -0.803889 1.214000 -0.332982
v 0.688360 0.877371 1.000000
v 0.741689 0.988181 1.000000
v 0.747377 1.000000 1.000000
v -1.000000 0.785865 -0.510342
usemtl color_44
s off
f 1 334 335
f 1 367 368
f 1 369 349
f 411 370 1
f 1 364 404
f 410 378 1
f 440 374 1
f 389 417 1
f 1 424 418
f 1 419 413
f 385 1 409
f 1 425 338
f 454 352 1
f 443 455 1
f 1 453 452
f 1 434 445
f 8 358 398
f 6 380 438
f 4 333 346
f 2 450 437
f 4 392 400
f 6 394 401
f 5 405 246
f 359 8 360
f 4 458 457
f 169 371 7
f 353 355 8
f 6 381 380
f 3 9 7
f 3 393 15
f 430 4 422
f 2 426 396
f 92 412 3
f 401 403 6
f 2 436 447
f 18 11 10
f 11 20 12
f 20 13 12
f 21 14 13
f 407 22 408
f 393 16 15
f 16 24 17
f 24 10 17
f 25 19 18
f 26 20 19
f 27 21 20
f 28 22 21
f 22 411 408
f 337 23 393
f 30 24 23
f 31 18 24
f 25 33 26
f 33 27 26
f 34 28 27
f 28 36 29
f 29 370 411
f 328 30 337
f 37 31 30
f 38 25 31
f 32 40 33
f 40 34 33
f 41 35 34
f 42 36 35
f 43 349 369
f 386 37 328
f 38 386 390
f 44 32 38
f 45 40 39
f 40 47 41
f 47 42 41
f 48 43 42
f 349 49 395
f 397 44 390
f 39 396 426
f 50 46 45
f 51 47 46
f 52 48 47
f 53 49 48
f 54 368 367
f 50 421 437
f 55 51 50
f 56 52 51
f 57 53 52
f 58 54 53
f 368 59 366
f 55 437 450
f 60 56 55
f 61 57 56
f 62 58 57
f 58 64 59
f 59 362 366
f 345 65 435
f 447 436 60
f 66 61 60
f 67 62 61
f 68 63 62
f 69 64 63
f 64 363 362
f 318 71 327
f 327 72 345
f 72 60 65
f 73 67 66
f 67 75 68
f 75 69 68
f 76 70 69
f 77 335 334
f 78 318 383
f 78 72 71
f 79 66 72
f 80 74 73
f 74 82 75
f 75 83 76
f 83 77 76
f 77 340 335
f 85 383 412
f 85 79 78
f 79 80 73
f 87 81 80
f 88 82 81
f 89 83 82
f 83 91 84
f 84 330 340
f 93 412 92
f 93 86 85
f 86 87 80
f 87 96 88
f 96 89 88
f 97 90 89
f 98 91 90
f 99 434 332
f 93 442 100
f 93 101 94
f 94 95 87
f 102 96 95
f 96 104 97
f 97 105 98
f 98 106 99
f 99 445 434
f 100 444 107
f 107 101 100
f 108 95 101
f 102 110 103
f 110 104 103
f 111 105 104
f 112 106 105
f 106 113 453
f 107 331 114
f 107 115 108
f 115 102 108
f 109 117 110
f 117 111 110
f 118 112 111
f 112 120 113
f 452 120 372
f 331 329 114
f 115 329 341
f 121 109 115
f 122 117 116
f 123 118 117
f 118 125 119
f 125 120 119
f 120 357 372
f 341 384 121
f 403 401 116
f 127 123 122
f 123 129 124
f 124 130 125
f 130 126 125
f 126 131 416
f 428 427 127
f 132 128 127
f 133 129 128
f 134 130 129
f 135 131 130
f 415 136 433
f 132 427 438
f 132 138 133
f 138 134 133
f 134 140 135
f 140 136 135
f 136 443 433
f 142 448 446
f 380 381 137
f 143 138 137
f 144 139 138
f 145 140 139
f 146 141 140
f 147 454 455
f 148 459 324
f 459 149 446
f 142 143 137
f 143 151 144
f 144 152 145
f 152 146 145
f 146 154 147
f 154 454 147
f 155 324 319
f 155 149 148
f 156 143 149
f 150 158 151
f 158 152 151
f 159 153 152
f 160 154 153
f 161 352 154
f 162 319 371
f 155 163 156
f 156 157 150
f 157 165 158
f 165 159 158
f 159 167 160
f 167 161 160
f 161 388 347
f 170 371 169
f 170 163 162
f 171 157 163
f 164 173 165
f 173 166 165
f 174 167 166
f 175 168 167
f 176 338 425
f 170 356 177
f 170 178 171
f 171 172 164
f 179 173 172
f 173 181 174
f 174 182 175
f 182 176 175
f 176 321 338
f 177 351 184
f 184 178 177
f 185 172 178
f 186 180 179
f 187 181 180
f 181 189 182
f 189 183 182
f 183 373 321
f 184 361 191
f 191 185 184
f 185 186 179
f 193 187 186
f 194 188 187
f 195 189 188
f 196 190 189
f 197 409 414
f 191 361 354
f 192 191 354
f 192 193 186
f 199 194 193
f 200 195 194
f 201 196 195
f 202 197 196
f 409 203 385
f 198 325 322
f 355 353 193
f 204 200 199
f 200 206 201
f 206 202 201
f 207 203 202
f 203 377 385
f 204 343 398
f 209 205 204
f 205 211 206
f 206 212 207
f 212 208 207
f 213 413 419
f 209 398 358
f 214 210 209
f 215 211 210
f 211 217 212
f 212 218 213
f 213 387 413
f 219 339 323
f 359 360 214
f 220 215 214
f 221 216 215
f 222 217 216
f 223 218 217
f 218 382 387
f 225 402 399
f 226 219 323
f 219 220 214
f 227 221 220
f 228 222 221
f 229 223 222
f 223 231 224
f 231 418 424
f 232 399 320
f 225 233 226
f 233 220 226
f 234 228 227
f 228 236 229
f 236 230 229
f 237 231 230
f 418 238 350
f 239 320 379
f 239 233 232
f 240 227 233
f 241 235 234
f 242 236 235
f 243 237 236
f 244 238 237
f 245 344 342
f 247 379 246
f 247 240 239
f 248 234 240
f 241 250 242
f 250 243 242
f 251 244 243
f 252 245 244
f 253 344 245
f 247 405 254
f 254 248 247
f 255 241 248
f 249 257 250
f 257 251 250
f 258 252 251
f 259 253 252
f 260 389 253
f 254 429 261
f 254 262 255
f 262 249 255
f 256 264 257
f 264 258 257
f 265 259 258
f 259 267 260
f 267 431 432
f 261 441 268
f 261 269 262
f 269 256 262
f 270 264 263
f 264 272 265
f 265 273 266
f 273 267 266
f 274 431 267
f 268 441 449
f 269 449 451
f 275 263 269
f 270 277 271
f 277 272 271
f 278 273 272
f 279 274 273
f 280 439 274
f 275 451 456
f 270 457 458
f 276 282 277
f 282 278 277
f 283 279 278
f 284 280 279
f 280 375 440
f 281 346 333
f 281 287 282
f 287 283 282
f 288 284 283
f 289 285 284
f 290 365 374
f 281 333 400
f 286 292 287
f 292 288 287
f 293 289 288
f 294 290 289
f 290 410 365
f 348 296 423
f 430 422 291
f 297 292 291
f 292 299 293
f 293 300 294
f 300 295 294
f 295 378 410
f 326 302 336
f 303 348 336
f 303 291 296
f 304 298 297
f 305 299 298
f 306 300 299
f 300 308 301
f 376 378 301
f 309 326 391
f 302 310 303
f 310 297 303
f 311 305 304
f 305 313 306
f 306 314 307
f 314 308 307
f 364 315 404
f 316 391 420
f 316 310 309
f 317 304 310
f 10 312 311
f 11 313 312
f 12 314 313
f 13 315 314
f 14 407 406
f 16 420 15
f 16 317 316
f 317 10 311
f 335 340 1
f 340 330 1
f 330 332 1
f 368 366 1
f 366 362 1
f 363 334 1
f 362 363 1
f 349 395 1
f 395 367 1
f 370 369 1
f 1 406 407
f 407 408 1
f 408 411 1
f 404 406 1
f 1 376 364
f 378 376 1
f 1 374 365
f 365 410 1
f 440 375 374
f 1 432 431
f 431 439 1
f 439 440 1
f 417 432 1
f 1 342 344
f 344 389 1
f 418 350 1
f 350 342 1
f 413 387 1
f 387 382 1
f 382 424 1
f 385 377 419
f 419 1 385
f 1 414 409
f 338 321 1
f 321 373 1
f 373 414 1
f 352 347 1
f 347 388 1
f 388 425 1
f 1 455 454
f 1 416 415
f 415 433 1
f 433 443 1
f 452 372 1
f 372 357 1
f 357 416 1
f 445 453 1
f 1 332 434
f 343 353 8
f 8 359 358
f 398 343 8
f 438 427 6
f 427 428 6
f 4 400 333
f 346 458 4
f 421 426 2
f 2 447 450
f 437 421 2
f 4 430 392
f 6 428 394
f 339 360 8
f 8 9 339
f 9 5 246
f 339 9 323
f 5 4 456
f 4 457 456
f 323 9 402
f 402 9 399
f 5 456 451
f 5 451 449
f 399 9 320
f 320 9 379
f 5 449 441
f 5 441 429
f 379 9 246
f 5 429 405
f 381 6 448
f 6 7 448
f 7 9 169
f 9 8 322
f 325 9 322
f 8 355 322
f 446 448 7
f 9 325 354
f 9 354 361
f 459 446 7
f 324 459 7
f 9 361 351
f 9 351 356
f 319 324 7
f 371 319 7
f 9 356 169
f 3 5 9
f 423 422 4
f 4 5 423
f 5 3 15
f 423 5 348
f 3 2 397
f 2 396 397
f 348 5 336
f 336 5 326
f 3 397 390
f 3 390 386
f 326 5 391
f 391 5 420
f 3 386 328
f 3 328 337
f 420 5 15
f 3 337 393
f 436 2 435
f 2 3 435
f 3 7 92
f 7 6 384
f 341 7 384
f 6 403 384
f 345 435 3
f 7 341 329
f 7 329 331
f 327 345 3
f 318 327 3
f 7 331 444
f 7 444 442
f 383 318 3
f 412 383 3
f 7 442 92
f 18 19 11
f 11 19 20
f 20 21 13
f 21 22 14
f 407 14 22
f 393 23 16
f 16 23 24
f 24 18 10
f 25 26 19
f 26 27 20
f 27 28 21
f 28 29 22
f 22 29 411
f 337 30 23
f 30 31 24
f 31 25 18
f 25 32 33
f 33 34 27
f 34 35 28
f 28 35 36
f 29 36 370
f 328 37 30
f 37 38 31
f 38 32 25
f 32 39 40
f 40 41 34
f 41 42 35
f 42 43 36
f 369 370 36
f 36 43 369
f 390 44 38
f 38 37 386
f 44 39 32
f 45 46 40
f 40 46 47
f 47 48 42
f 48 49 43
f 349 43 49
f 426 421 45
f 39 44 397
f 39 397 396
f 426 45 39
f 50 51 46
f 51 52 47
f 52 53 48
f 53 54 49
f 367 395 49
f 49 54 367
f 50 45 421
f 55 56 51
f 56 57 52
f 57 58 53
f 58 59 54
f 368 54 59
f 55 50 437
f 60 61 56
f 61 62 57
f 62 63 58
f 58 63 64
f 59 64 362
f 436 435 60
f 435 65 60
f 60 55 447
f 55 450 447
f 66 67 61
f 67 68 62
f 68 69 63
f 69 70 64
f 64 70 363
f 71 72 327
f 72 65 345
f 72 66 60
f 73 74 67
f 67 74 75
f 75 76 69
f 76 77 70
f 334 363 70
f 70 77 334
f 78 71 318
f 78 79 72
f 79 73 66
f 80 81 74
f 74 81 82
f 75 82 83
f 83 84 77
f 77 84 340
f 85 78 383
f 85 86 79
f 79 86 80
f 87 88 81
f 88 89 82
f 89 90 83
f 83 90 91
f 84 91 330
f 93 85 412
f 93 94 86
f 86 94 87
f 87 95 96
f 96 97 89
f 97 98 90
f 98 99 91
f 332 330 91
f 91 99 332
f 93 92 442
f 93 100 101
f 94 101 95
f 102 103 96
f 96 103 104
f 97 104 105
f 98 105 106
f 99 106 445
f 100 442 444
f 107 108 101
f 108 102 95
f 102 109 110
f 110 111 104
f 111 112 105
f 112 113 106
f 453 445 106
f 113 452 453
f 107 444 331
f 107 114 115
f 115 109 102
f 109 116 117
f 117 118 111
f 118 119 112
f 112 119 120
f 452 113 120
f 341 121 115
f 115 114 329
f 121 116 109
f 122 123 117
f 123 124 118
f 118 124 125
f 125 126 120
f 120 126 357
f 394 122 401
f 122 116 401
f 116 121 384
f 384 403 116
f 127 128 123
f 123 128 129
f 124 129 130
f 130 131 126
f 416 357 126
f 131 415 416
f 127 122 428
f 122 394 428
f 132 133 128
f 133 134 129
f 134 135 130
f 135 136 131
f 415 131 136
f 132 127 427
f 132 137 138
f 138 139 134
f 134 139 140
f 140 141 136
f 136 141 443
f 381 448 137
f 448 142 137
f 137 132 380
f 132 438 380
f 143 144 138
f 144 145 139
f 145 146 140
f 146 147 141
f 443 141 455
f 141 147 455
f 148 149 459
f 149 142 446
f 142 149 143
f 143 150 151
f 144 151 152
f 152 153 146
f 146 153 154
f 154 352 454
f 155 148 324
f 155 156 149
f 156 150 143
f 150 157 158
f 158 159 152
f 159 160 153
f 160 161 154
f 161 347 352
f 162 155 319
f 155 162 163
f 156 163 157
f 157 164 165
f 165 166 159
f 159 166 167
f 167 168 161
f 161 168 388
f 170 162 371
f 170 171 163
f 171 164 157
f 164 172 173
f 173 174 166
f 174 175 167
f 175 176 168
f 425 388 168
f 168 176 425
f 170 169 356
f 170 177 178
f 171 178 172
f 179 180 173
f 173 180 181
f 174 181 182
f 182 183 176
f 176 183 321
f 177 356 351
f 184 185 178
f 185 179 172
f 186 187 180
f 187 188 181
f 181 188 189
f 189 190 183
f 183 190 373
f 184 351 361
f 191 192 185
f 185 192 186
f 193 194 187
f 194 195 188
f 195 196 189
f 196 197 190
f 414 373 190
f 190 197 414
f 354 325 192
f 325 198 192
f 192 198 193
f 199 200 194
f 200 201 195
f 201 202 196
f 202 203 197
f 409 197 203
f 343 199 353
f 199 193 353
f 193 198 322
f 322 355 193
f 204 205 200
f 200 205 206
f 206 207 202
f 207 208 203
f 203 208 377
f 204 199 343
f 209 210 205
f 205 210 211
f 206 211 212
f 212 213 208
f 419 377 208
f 208 213 419
f 209 204 398
f 214 215 210
f 215 216 211
f 211 216 217
f 212 217 218
f 213 218 387
f 360 339 214
f 339 219 214
f 214 209 359
f 209 358 359
f 220 221 215
f 221 222 216
f 222 223 217
f 223 224 218
f 218 224 382
f 323 402 226
f 402 225 226
f 219 226 220
f 227 228 221
f 228 229 222
f 229 230 223
f 223 230 231
f 424 382 224
f 224 231 424
f 232 225 399
f 225 232 233
f 233 227 220
f 234 235 228
f 228 235 236
f 236 237 230
f 237 238 231
f 418 231 238
f 239 232 320
f 239 240 233
f 240 234 227
f 241 242 235
f 242 243 236
f 243 244 237
f 244 245 238
f 342 350 238
f 238 245 342
f 247 239 379
f 247 248 240
f 248 241 234
f 241 249 250
f 250 251 243
f 251 252 244
f 252 253 245
f 253 389 344
f 247 246 405
f 254 255 248
f 255 249 241
f 249 256 257
f 257 258 251
f 258 259 252
f 259 260 253
f 260 417 389
f 254 405 429
f 254 261 262
f 262 256 249
f 256 263 264
f 264 265 258
f 265 266 259
f 259 266 267
f 417 260 432
f 260 267 432
f 261 429 441
f 261 268 269
f 269 263 256
f 270 271 264
f 264 271 272
f 265 272 273
f 273 274 267
f 274 439 431
f 451 275 269
f 269 268 449
f 275 270 263
f 270 276 277
f 277 278 272
f 278 279 273
f 279 280 274
f 280 440 439
f 458 346 276
f 270 275 456
f 270 456 457
f 458 276 270
f 276 281 282
f 282 283 278
f 283 284 279
f 284 285 280
f 280 285 375
f 281 276 346
f 281 286 287
f 287 288 283
f 288 289 284
f 289 290 285
f 374 375 285
f 285 290 374
f 400 392 286
f 286 281 400
f 286 291 292
f 292 293 288
f 293 294 289
f 294 295 290
f 290 295 410
f 422 423 291
f 423 296 291
f 291 286 430
f 286 392 430
f 297 298 292
f 292 298 299
f 293 299 300
f 300 301 295
f 295 301 378
f 336 302 303
f 303 296 348
f 303 297 291
f 304 305 298
f 305 306 299
f 306 307 300
f 300 307 308
f 301 308 376
f 308 364 376
f 309 302 326
f 302 309 310
f 310 304 297
f 311 312 305
f 305 312 313
f 306 313 314
f 314 315 308
f 364 308 315
f 316 309 391
f 316 317 310
f 317 311 304
f 10 11 312
f 11 12 313
f 12 13 314
f 13 14 315
f 406 404 315
f 315 14 406
f 16 316 420
f 16 17 317
f 317 17 10
